0 0.16444444444444445 0.7266666666666667 0.30666666666666664 0.28
0 0.4288888888888889 0.7283333333333334 0.21777777777777776 0.2833333333333333
0 0.5744444444444444 0.7866666666666667 0.06888888888888889 0.15333333333333335
0 0.6677777777777778 0.8033333333333333 0.11333333333333333 0.12666666666666668
0 0.6688888888888889 0.7416666666666667 0.10666666666666666 0.05666666666666667
0 0.39444444444444443 0.2916666666666667 0.07333333333333333 0.10333333333333335
0 0.46555555555555556 0.325 0.05555555555555555 0.09000000000000001
0 0.5244444444444445 0.3716666666666667 0.05333333333333333 0.08333333333333334
0 0.6 0.4566666666666667 0.08 0.12666666666666668
0 0.42444444444444446 0.2 0.08888888888888889 0.060000000000000005
0 0.49666666666666665 0.135 0.12222222222222222 0.05666666666666667
0 0.5788888888888889 0.195 0.1 0.05666666666666667
0 0.6655555555555556 0.20833333333333334 0.03777777777777778 0.05666666666666667
0 0.7144444444444444 0.2733333333333334 0.07777777777777778 0.060000000000000005
0 0.7777777777777778 0.24166666666666667 0.04 0.05
0 0.75 0.17500000000000002 0.03777777777777778 0.043333333333333335
