0 0.44333333333333336 0.20333333333333334 0.5577777777777778 0.4066666666666667
0 0.4111111111111111 0.4166666666666667 0.14222222222222222 0.02
0 0.4411111111111111 0.455 0.10444444444444445 0.06333333333333334
0 0.45111111111111113 0.505 0.07555555555555556 0.03666666666666667
0 0.45666666666666667 0.54 0.06444444444444444 0.02666666666666667
0 0.4577777777777778 0.6950000000000001 0.08 0.07
0 0.7177777777777777 0.7383333333333334 0.24 0.18333333333333335
0 0.6644444444444444 0.5483333333333333 0.09333333333333334 0.06333333333333334
0 0.7022222222222222 0.465 0.21777777777777776 0.10333333333333335
0 0.7833333333333333 0.5800000000000001 0.13555555555555557 0.12666666666666668
0 0.6666666666666666 0.6166666666666667 0.09333333333333334 0.05333333333333334
0 0.46 0.6283333333333334 0.07555555555555556 0.05666666666666667
0 0.2222222222222222 0.44 0.06222222222222222 0.060000000000000005
