0 0.021484375 0.3953147877013177 0.04296875 0.3689604685212299
0 0.12109375 0.5461200585651538 0.154296875 0.14641288433382138
0 0.6650390625 0.08931185944363104 0.08984375 0.0849194729136164
0 0.34228515625 0.28111273792093705 0.0712890625 0.04685212298682284
0 0.419921875 0.2986822840409956 0.0859375 0.032210834553440704
0 0.51708984375 0.3008784773060029 0.1005859375 0.03074670571010249
0 0.5947265625 0.2781844802342606 0.1015625 0.02635431918008785
0 0.7041015625 0.27232796486090777 0.107421875 0.020497803806734993
0 0.83447265625 0.42972181551976574 0.0166015625 0.03074670571010249
0 0.95068359375 0.3440702781844802 0.0810546875 0.06734992679355783
0 0.958984375 0.39751098096632503 0.076171875 0.03953147877013177
0 0.9560546875 0.3587115666178624 0.08203125 0.13469985358711567
0 0.1494140625 0.445095168374817 0.296875 0.49194729136163984
